5+3
x <- 5 + 3
y <- 7 + x

x + y
