5+3
x <- 5 + 3
7 + x