a <- 27
q <- 1 + 19
a + q
z <- a + q
z - q

